7      49      1
73      58      1
30      72      1
44      78      1
23      9      1
40      65      1
92      42      1
87      3      1
27      29      1
40      12      1
3      69      1
9      57      1
60      33      1
99      78      1
16      35      1
97      26      1
12      67      1
10      33      1
79      49      1
79      21      1
67      72      1
93      36      1
85      45      1
28      91      1
94      57      1
1      53      1
8      44      1
68      90      1
24      96      1
30      3      1
22      66      1
49      24      1
1      53      1
77      8      1
28      33      1
98      81      1
35      13      1
65      14      1
63      36      1
25      69      1
15      94      1
29      1      1
17      95      1
5      4      1
51      98      1
88      23      1
5      82      1
52      66      1
16      37      1
38      44      1
1      97      1
71      28      1
37      58      1
77      97      1
94      4      1
9      31      1
45      75      1
35      98      1
42      99      1
68      12      1
60      57      1
94      8      1
95      68      1
13      30      1
6      62      1
42      65      1
82      52      1
67      21      1
95      12      1
71      1      1
90      31      1
38      57      1
16      90      1
40      79      1
35      6      1
72      98      1
95      19      1
54      23      1
89      60      1
5      26      1
23      6      1
13      70      1
38      94      1
20      44      1
66      34      1
26      94      1
63      38      1
44      90      1
50      59      1
23      47      1
85      17      1
72      39      1
47      85      1
96      85      1
23      20      1
44      68      1
35      15      1
25      34      1
42      11      1
79      52      1
44      95      1
18      96      1
92      15      1
91      33      1
69      97      1
53      47      1
25      10      1
62      11      1
8      77      1
61      25      1
35      68      1
95      76      1
67      39      1
74      31      1
56      1      1
72      60      1
94      84      1
55      89      1
7      15      1
93      69      1
80      55      1
55      6      1
63      2      1
76      8      1
49      31      1
44      38      1
8      97      1
51      49      1
3      31      1
31      14      1
19      75      1
9      80      1
29      23      1
54      60      1
37      45      1
17      25      1
0      56      1
64      97      1
48      4      1
50      50      1
76      12      1
54      97      1
4      81      1
48      65      1
78      99      1
9      29      1
53      83      1
47      7      1
73      22      1
5      76      1
53      24      1
30      66      1
0      44      1
70      85      1
16      98      1
55      33      1
57      76      1
78      66      1
57      11      1
78      14      1
19      37      1
33      91      1
20      62      1
33      97      1
31      88      1
89      73      1
77      4      1
58      0      1
54      60      1
15      47      1
80      30      1
55      46      1
7      38      1
0      26      1
35      57      1
13      14      1
93      60      1
54      18      1
57      85      1
29      15      1
63      2      1
17      43      1
19      67      1
47      69      1
95      3      1
73      3      1
48      85      1
58      59      1
6      30      1
24      32      1
73      3      1
97      20      1
50      31      1
80      3      1
0      20      1
33      58      1
3      76      1
50      34      1
80      79      1
32      74      1
49      42      1
49      71      1
10      79      1
83      70      1
40      23      1
50      71      1
29      18      1
46      99      1
30      21      1
76      24      1
44      58      1
96      71      1
64      60      1
98      51      1
40      3      1
51      1      1
5      80      1
18      74      1
49      13      1
20      25      1
12      83      1
88      17      1
8      50      1
24      95      1
57      11      1
90      66      1
10      93      1
53      65      1
60      42      1
3      52      1
7      41      1
10      0      1
99      27      1
71      87      1
14      25      1
41      17      1
48      42      1
15      74      1
45      73      1
20      11      1
39      54      1
5      29      1
53      89      1
66      56      1
4      60      1
98      92      1
20      16      1
80      67      1
52      39      1
98      1      1
11      16      1
91      71      1
28      71      1
61      45      1
20      40      1
58      53      1
27      50      1
11      63      1
94      33      1
27      27      1
95      31      1
42      16      1
6      15      1
24      1      1
97      61      1
3      24      1
8      36      1
81      15      1
10      16      1
5      73      1
81      20      1
91      69      1
65      27      1
36      28      1
25      84      1
67      49      1
76      46      1
76      66      1
67      20      1
84      91      1
10      58      1
11      44      1
18      18      1
34      25      1
67      89      1
18      14      1
25      18      1
28      29      1
34      27      1
40      54      1
40      96      1
35      83      1
48      65      1
11      52      1
64      76      1
37      75      1
45      10      1
15      92      1
10      47      1
37      99      1
47      15      1
93      79      1
29      64      1
79      1      1
25      89      1
58      33      1
0      89      1
70      17      1
46      38      1
43      38      1
36      21      1
19      96      1
47      88      1
59      87      1
35      35      1
12      84      1
89      84      1
34      67      1
19      15      1
45      76      1
61      25      1
19      31      1
3      98      1
98      39      1
4      3      1
79      65      1
91      7      1
24      65      1
21      54      1
6      50      1
3      32      1
32      41      1
54      77      1
17      0      1
89      65      1
47      22      1
79      17      1
16      48      1
62      29      1
39      8      1
3      57      1
61      52      1
66      21      1
57      96      1
55      30      1
94      55      1
21      12      1
93      27      1
32      44      1
91      98      1
52      56      1
70      3      1
39      14      1
99      66      1
35      21      1
43      52      1
86      19      1
50      10      1
23      69      1
5      43      1
11      31      1
92      16      1
99      71      1
39      70      1
36      91      1
57      33      1
28      77      1
10      83      1
76      89      1
91      34      1
11      4      1
26      91      1
90      22      1
64      90      1
84      13      1
41      27      1
79      84      1
37      70      1
61      81      1
65      2      1
32      32      1
54      59      1
47      77      1
62      10      1
19      50      1
77      41      1
36      20      1
99      12      1
59      56      1
90      52      1
48      14      1
44      18      1
50      1      1
95      21      1
31      1      1
45      61      1
57      10      1
28      5      1
73      37      1
69      96      1
3      21      1
75      18      1
0      89      1
62      54      1
63      43      1
89      50      1
35      15      1
64      94      1
63      58      1
52      92      1
16      14      1
20      60      1
50      68      1
41      47      1
96      87      1
1      34      1
28      71      1
48      75      1
53      71      1
29      93      1
19      71      1
20      64      1
79      30      1
10      80      1
13      42      1
38      82      1
44      28      1
93      75      1
80      0      1
96      47      1
70      87      1
43      33      1
52      61      1
24      0      1
80      78      1
57      23      1
98      14      1
45      62      1
9      10      1
49      18      1
90      55      1
43      55      1
85      34      1
75      21      1
51      26      1
51      59      1
83      14      1
37      79      1
98      0      1
37      85      1
78      84      1
42      15      1
60      67      1
40      7      1
66      28      1
62      63      1
69      90      1
23      78      1
13      61      1
10      40      1
78      0      1
94      7      1
56      51      1
86      31      1
44      39      1
76      84      1
52      8      1
14      54      1
19      28      1
71      70      1
63      47      1
24      43      1
54      8      1
81      52      1
88      63      1
59      19      1
79      56      1
61      87      1
53      99      1
88      44      1
80      66      1
83      74      1
36      9      1
67      34      1
39      84      1
51      49      1
66      67      1
10      89      1
27      73      1
81      95      1
36      74      1
35      31      1
72      28      1
98      70      1
87      97      1
89      46      1
90      11      1
12      63      1
12      81      1
51      30      1
21      13      1
28      50      1
0      59      1
54      92      1
94      30      1
32      59      1
77      79      1
32      72      1
83      81      1
53      22      1
21      56      1
18      91      1
0      96      1
20      4      1
99      29      1
44      75      1
70      16      1
99      80      1
18      88      1
52      28      1
0      62      1
40      49      1
85      83      1
15      59      1
78      59      1
61      82      1
48      54      1
40      81      1
70      28      1
51      44      1
69      95      1
69      10      1
72      23      1
25      19      1
50      31      1
43      46      1
69      70      1
94      10      1
92      64      1
24      61      1
19      20      1
62      61      1
25      34      1
49      90      1
22      60      1
93      28      1
22      81      1
66      68      1
23      22      1
39      17      1
93      64      1
78      56      1
71      41      1
55      36      1
89      28      1
20      2      1
12      16      1
47      46      1
51      72      1
11      23      1
36      5      1
7      33      1
66      53      1
12      25      1
40      53      1
57      33      1
95      39      1
51      58      1
94      60      1
38      29      1
75      98      1
92      33      1
62      76      1
36      46      1
73      64      1
84      92      1
19      42      1
28      59      1
62      45      1
16      27      1
72      48      1
0      70      1
98      92      1
45      28      1
0      43      1
92      63      1
83      72      1
1      9      1
21      86      1
13      69      1
31      57      1
19      86      1
56      16      1
54      54      1
14      15      1
37      66      1
97      77      1
60      12      1
91      31      1
74      63      1
77      24      1
84      33      1
50      27      1
99      29      1
9      44      1
64      51      1
12      79      1
34      7      1
83      0      1
59      10      1
53      91      1
21      25      1
53      29      1
96      53      1
61      58      1
91      63      1
20      68      1
87      26      1
72      19      1
41      4      1
51      92      1
45      70      1
74      62      1
76      17      1
26      13      1
44      71      1
79      35      1
29      88      1
48      78      1
17      23      1
38      8      1
29      26      1
68      6      1
99      55      1
29      76      1
88      96      1
19      64      1
37      16      1
18      91      1
83      98      1
20      48      1
61      51      1
18      77      1
46      61      1
78      28      1
63      35      1
6      8      1
68      79      1
19      23      1
77      92      1
53      78      1
53      95      1
71      75      1
4      62      1
32      19      1
31      35      1
68      68      1
10      34      1
70      78      1
65      45      1
79      75      1
27      87      1
63      37      1
66      34      1
83      75      1
84      55      1
56      99      1
64      93      1
86      33      1
24      47      1
94      30      1
67      65      1
10      82      1
5      14      1
52      41      1
85      91      1
6      60      1
60      12      1
3      30      1
85      0      1
85      67      1
84      88      1
0      86      1
0      95      1
99      2      1
28      83      1
17      36      1
2      89      1
78      25      1
89      22      1
95      5      1
19      91      1
21      74      1
14      62      1
6      83      1
26      19      1
1      30      1
44      75      1
58      62      1
31      36      1
20      8      1
24      47      1
8      11      1
97      0      1
14      96      1
99      45      1
33      62      1
39      54      1
21      86      1
36      10      1
62      73      1
93      35      1
88      71      1
38      21      1
91      13      1
60      57      1
92      43      1
75      68      1
13      15      1
36      91      1
47      69      1
32      34      1
28      43      1
79      6      1
54      7      1
37      3      1
21      47      1
34      49      1
16      59      1
38      50      1
83      86      1
96      85      1
24      22      1
63      81      1
12      51      1
2      95      1
36      54      1
8      80      1
31      30      1
95      14      1
12      36      1
37      9      1
85      19      1
81      10      1
8      9      1
39      67      1
19      66      1
99      20      1
15      77      1
22      42      1
80      81      1
85      30      1
25      36      1
94      45      1
2      33      1
80      56      1
34      17      1
81      81      1
58      5      1
92      60      1
51      1      1
42      44      1
35      55      1
72      43      1
22      13      1
41      81      1
79      18      1
60      29      1
55      82      1
64      32      1
13      95      1
28      4      1
55      11      1
81      10      1
4      51      1
16      61      1
64      5      1
22      13      1
43      36      1
18      94      1
88      43      1
39      2      1
43      70      1
19      12      1
17      32      1
82      97      1
59      73      1
90      19      1
10      11      1
15      78      1
42      45      1
70      62      1
8      83      1
99      9      1
13      50      1
51      65      1
2      17      1
53      99      1
16      84      1
69      42      1
3      15      1
29      57      1
82      64      1
52      54      1
26      27      1
55      59      1
52      86      1
22      29      1
86      49      1
79      98      1
90      3      1
86      43      1
27      85      1
98      87      1
17      31      1
76      61      1
63      14      1
83      32      1
22      11      1
91      71      1
42      33      1
53      30      1
80      4      1
15      87      1
10      81      1
58      86      1
33      40      1
59      36      1
62      38      1
54      26      1
26      12      1
95      21      1
77      41      1
58      54      1
20      97      1
27      51      1
62      32      1
37      4      1
57      5      1
7      43      1
58      39      1
43      97      1
81      65      1
57      5      1
17      12      1
24      84      1
59      99      1
16      40      1
51      46      1
22      93      1
15      49      1
61      49      1
31      96      1
23      96      1
44      50      1
38      31      1
59      35      1
65      1      1
87      37      1
48      20      1
24      94      1
75      3      1
89      86      1
45      43      1
57      32      1
61      78      1
4      2      1
31      20      1
86      30      1
43      67      1
48      44      1
17      49      1
25      73      1
63      16      1
80      48      1
79      57      1
14      5      1
89      7      1
5      27      1
14      15      1
8      97      1
49      95      1
29      26      1
66      98      1
85      62      1
18      53      1
79      3      1
83      23      1
59      21      1
74      34      1
75      2      1
36      79      1
15      50      1
13      50      1
92      48      1
83      81      1
47      8      1
6      78      1
6      67      1
14      10      1
70      58      1
17      46      1
4      56      1
63      37      1
98      34      1
56      8      1
12      13      1
80      24      1
4      13      1
73      62      1
79      77      1
69      47      1
31      53      1
33      39      1
20      94      1
97      24      1
71      58      1
20      48      1
18      1      1
17      92      1
13      80      1
56      40      1
94      68      1
70      63      1
49      34      1
25      71      1
91      50      1
17      10      1
54      25      1
1      94      1
92      34      1
70      46      1
87      21      1
65      89      1
71      65      1
60      10      1
75      9      1
94      23      1
34      74      1
14      94      1
23      75      1
77      57      1
27      22      1
74      72      1
39      39      1
83      17      1
30      90      1
6      96      1
12      95      1
38      16      1
21      84      1
27      78      1
60      72      1
87      35      1
81      26      1
94      30      1
95      58      1
19      12      1
43      12      1
6      28      1
93      26      1
26      26      1
33      81      1
96      92      1
61      9      1
77      24      1
22      40      1
52      15      1
80      92      1
51      52      1
73      77      1
17      26      1
65      61      1
39      49      1
7      19      1
30      76      1
25      81      1
27      59      1
97      93      1
25      29      1
22      48      1
53      79      1
68      27      1
24      31      1
77      6      1
0      72      1
1      30      1
98      77      1
49      94      1
27      52      1
59      77      1
70      51      1
24      84      1
20      15      1
19      77      1
95      95      1
64      0      1
18      17      1
23      17      1
54      68      1
-87      75      2
-13      22      2
-57      16      2
-82      42      2
-62      8      2
-40      5      2
-70      6      2
-1      19      2
-20      62      2
-17      35      2
-52      94      2
-35      10      2
-31      63      2
-51      47      2
-51      10      2
-49      47      2
-34      48      2
-23      88      2
-71      32      2
-59      56      2
-45      2      2
-23      89      2
-19      94      2
-86      7      2
-92      0      2
-46      1      2
-65      44      2
-56      74      2
-17      75      2
-95      66      2
-64      91      2
-91      40      2
-56      59      2
-97      97      2
-9      63      2
-22      85      2
-99      19      2
-20      92      2
-48      53      2
-76      76      2
-33      97      2
-93      3      2
-8      74      2
-66      3      2
-30      81      2
-86      25      2
-69      25      2
-58      85      2
-99      21      2
-14      60      2
-56      72      2
-53      53      2
-75      81      2
-55      62      2
-48      45      2
-52      70      2
-31      0      2
-63      47      2
-19      70      2
-1      59      2
-82      79      2
-96      29      2
-1      56      2
-30      81      2
-20      62      2
-51      45      2
-70      54      2
-57      93      2
-15      8      2
-61      66      2
-73      78      2
-86      30      2
-52      26      2
-79      10      2
-32      51      2
-72      1      2
-87      79      2
-8      37      2
-36      2      2
-78      23      2
-88      74      2
-9      96      2
-23      62      2
-23      46      2
-79      55      2
-74      22      2
-31      57      2
-71      79      2
-94      27      2
-56      36      2
-16      47      2
-13      84      2
-57      60      2
-57      0      2
-36      13      2
-33      75      2
-10      62      2
-66      6      2
-8      7      2
-73      37      2
-96      55      2
-24      66      2
-8      33      2
-61      57      2
-71      76      2
-14      14      2
-89      35      2
-59      38      2
-94      60      2
-27      43      2
-42      55      2
-21      11      2
-80      12      2
-9      90      2
-83      45      2
-38      34      2
-38      64      2
-81      40      2
-50      18      2
-75      98      2
-74      87      2
-42      88      2
-20      82      2
-5      34      2
-20      46      2
-3      20      2
-50      75      2
-62      42      2
-70      38      2
-42      15      2
-35      77      2
-34      67      2
-74      80      2
-90      96      2
-6      81      2
-43      72      2
-55      38      2
-75      20      2
-75      86      2
-97      5      2
-37      95      2
-83      95      2
-76      83      2
-82      27      2
-51      99      2
-5      51      2
-77      6      2
-90      95      2
-96      61      2
-31      25      2
-6      79      2
-70      24      2
-57      22      2
-53      73      2
-80      3      2
-83      34      2
-82      57      2
-63      41      2
-37      29      2
-87      86      2
-51      94      2
-22      30      2
-30      54      2
-6      19      2
-17      83      2
-39      13      2
-92      39      2
-44      68      2
-83      29      2
-65      5      2
-87      40      2
-87      97      2
-79      68      2
-63      0      2
-99      47      2
-1      88      2
-5      20      2
-44      72      2
-76      30      2
-19      69      2
-88      29      2
-52      32      2
-58      7      2
-81      62      2
-16      9      2
-45      48      2
-85      8      2
-13      67      2
-5      14      2
-54      35      2
-70      63      2
-79      58      2
-39      59      2
-45      23      2
-48      44      2
-77      37      2
-91      42      2
-98      77      2
-4      82      2
-56      75      2
-33      10      2
-92      70      2
-70      53      2
-53      28      2
-28      73      2
-82      71      2
0      5      2
-55      21      2
-84      34      2
-47      28      2
-88      85      2
-8      58      2
-74      23      2
-61      72      2
-24      35      2
-89      56      2
-44      98      2
-47      95      2
-67      83      2
-76      43      2
-36      37      2
-46      62      2
-57      42      2
-96      3      2
-81      81      2
-94      88      2
-4      55      2
-87      83      2
-17      65      2
-93      56      2
-38      51      2
-87      90      2
-80      32      2
-26      29      2
-7      14      2
-17      25      2
-38      26      2
-45      57      2
-25      7      2
-79      51      2
-41      59      2
-81      65      2
-25      94      2
-93      64      2
-63      29      2
-1      72      2
-40      53      2
-29      32      2
-80      59      2
-74      40      2
-76      89      2
-4      18      2
-68      86      2
-66      62      2
-74      98      2
-21      27      2
-15      27      2
-41      9      2
-58      35      2
-65      61      2
-61      32      2
-72      19      2
-94      3      2
-54      31      2
-16      4      2
-83      74      2
-13      11      2
-44      8      2
-59      5      2
-72      92      2
-72      15      2
-29      13      2
-43      80      2
-9      5      2
-84      49      2
-11      9      2
-83      48      2
-85      7      2
-60      80      2
-89      63      2
-33      66      2
-85      0      2
-85      42      2
-74      91      2
-63      93      2
-3      98      2
-63      61      2
-91      77      2
-89      97      2
-29      12      2
-69      60      2
-31      65      2
-11      13      2
-96      50      2
-4      23      2
-88      22      2
-20      16      2
-65      77      2
-72      12      2
-80      76      2
0      41      2
-18      75      2
-19      43      2
-63      81      2
-58      82      2
-67      52      2
-51      61      2
-95      17      2
-29      27      2
-91      86      2
-60      56      2
-92      1      2
-39      11      2
-84      70      2
-13      70      2
-8      85      2
-20      57      2
-45      97      2
-79      99      2
-2      83      2
-67      19      2
-69      37      2
-29      99      2
-18      18      2
-5      15      2
-37      15      2
-29      24      2
-15      66      2
-72      96      2
-60      78      2
-79      71      2
-24      45      2
-80      77      2
-58      54      2
-15      8      2
-21      8      2
-45      52      2
-95      11      2
-10      60      2
-82      10      2
-82      10      2
-1      60      2
-35      20      2
-84      6      2
-5      8      2
-77      24      2
-49      93      2
-44      16      2
-24      81      2
-61      85      2
-38      3      2
-7      22      2
-13      95      2
-51      83      2
-98      57      2
0      56      2
-89      1      2
-99      10      2
-74      95      2
-28      91      2
-47      81      2
-93      20      2
-68      15      2
-76      24      2
-53      64      2
-87      95      2
-19      93      2
-6      5      2
-31      78      2
-49      30      2
-9      87      2
-32      74      2
-84      70      2
-53      11      2
-88      64      2
-38      88      2
-7      62      2
-58      16      2
-75      77      2
-92      77      2
-29      90      2
-60      51      2
-27      21      2
-39      40      2
-64      77      2
-36      5      2
-11      84      2
-55      75      2
-59      39      2
-49      99      2
-72      74      2
-90      66      2
-42      22      2
-21      60      2
-34      47      2
-93      17      2
-1      65      2
-48      74      2
-32      88      2
-65      58      2
-2      10      2
-19      10      2
-37      92      2
-36      48      2
-8      50      2
-33      19      2
-37      32      2
-94      93      2
-10      11      2
-5      58      2
-7      53      2
-74      64      2
-7      2      2
-14      69      2
-39      14      2
-87      95      2
-48      67      2
-13      67      2
-60      53      2
-70      83      2
-56      68      2
-26      0      2
-22      37      2
-99      71      2
-96      17      2
-41      58      2
-35      88      2
-71      73      2
-7      20      2
-92      93      2
-52      89      2
-13      28      2
-3      98      2
-17      50      2
-88      46      2
-43      65      2
-88      11      2
-66      43      2
-38      4      2
-67      57      2
-22      46      2
-31      3      2
-20      27      2
-64      51      2
-5      29      2
-42      16      2
-88      50      2
-85      2      2
-73      45      2
-97      15      2
-52      88      2
-86      28      2
-17      22      2
-23      26      2
-96      61      2
-79      84      2
-42      90      2
-97      28      2
-11      43      2
-44      52      2
-25      38      2
-72      87      2
-57      15      2
-27      61      2
-82      77      2
-44      28      2
-13      35      2
-1      39      2
-23      23      2
-64      91      2
-58      59      2
-43      48      2
-27      52      2
-33      8      2
-41      21      2
-99      69      2
-30      81      2
-76      13      2
-7      54      2
-98      69      2
-15      80      2
-47      27      2
-75      88      2
-86      64      2
-47      6      2
-38      27      2
-2      31      2
-79      57      2
-46      27      2
-40      38      2
-41      42      2
-2      65      2
-69      11      2
-8      2      2
-43      73      2
-80      36      2
-2      64      2
-70      1      2
-87      40      2
-8      55      2
-5      87      2
-14      1      2
-65      99      2
-59      57      2
-90      43      2
-82      82      2
-3      39      2
-84      61      2
-4      32      2
-27      84      2
-24      56      2
-14      7      2
-48      8      2
-4      87      2
-35      32      2
-36      57      2
-25      64      2
-54      28      2
-33      23      2
-30      44      2
-70      32      2
-4      85      2
-79      64      2
-55      26      2
-79      10      2
-20      90      2
-1      24      2
-49      67      2
-2      10      2
-4      63      2
-60      64      2
-28      27      2
-1      0      2
-82      44      2
-85      69      2
-23      55      2
-68      78      2
-27      69      2
-74      21      2
-37      57      2
-20      89      2
-12      42      2
-83      2      2
-41      52      2
-67      87      2
-88      7      2
-33      32      2
-81      3      2
-32      27      2
-50      85      2
-70      19      2
-23      65      2
-74      17      2
-18      93      2
0      34      2
-91      57      2
-19      45      2
-93      12      2
-79      69      2
-18      30      2
-98      49      2
-57      90      2
-68      8      2
-26      72      2
-52      17      2
-93      11      2
-41      31      2
-7      68      2
-63      1      2
-22      37      2
-58      78      2
-46      94      2
-63      83      2
-10      84      2
-73      87      2
-32      69      2
-7      62      2
-84      48      2
-35      30      2
-98      94      2
-26      50      2
-34      15      2
-68      91      2
-99      71      2
-69      1      2
-96      10      2
-73      92      2
-11      28      2
0      12      2
-79      39      2
-69      51      2
-14      64      2
-84      11      2
-44      91      2
-27      41      2
-99      97      2
-95      6      2
-91      11      2
-38      82      2
-53      18      2
-23      3      2
-80      8      2
-73      37      2
-80      99      2
-93      49      2
-43      18      2
-46      75      2
-75      81      2
-76      30      2
-35      28      2
-48      97      2
-62      61      2
-47      37      2
-14      95      2
-30      7      2
-56      25      2
-43      66      2
-15      50      2
-42      75      2
-23      65      2
-12      29      2
-80      73      2
-57      56      2
-23      53      2
-6      52      2
-76      62      2
-38      11      2
-66      94      2
-9      82      2
-96      9      2
-96      44      2
-35      65      2
-58      3      2
-3      4      2
-46      55      2
-50      75      2
-27      63      2
-52      11      2
-84      87      2
-16      77      2
-51      90      2
-83      20      2
-99      90      2
-42      11      2
-36      62      2
-60      69      2
-14      78      2
-66      57      2
-99      50      2
-19      98      2
-43      68      2
-76      1      2
-46      88      2
-20      81      2
-49      11      2
-47      44      2
-76      96      2
-78      56      2
-36      62      2
-39      39      2
-79      87      2
-66      0      2
-6      91      2
-56      98      2
-46      70      2
-33      1      2
-90      84      2
-58      27      2
-94      86      2
-97      89      2
-35      27      2
-68      0      2
-64      40      2
-88      10      2
-83      23      2
-31      23      2
-56      14      2
-12      69      2
-52      62      2
-81      35      2
-35      71      2
-24      70      2
-66      93      2
-28      26      2
-33      99      2
-3      26      2
-88      41      2
-89      19      2
-81      15      2
-23      98      2
-52      68      2
-61      89      2
-1      83      2
-93      20      2
-13      42      2
-26      50      2
-56      32      2
-6      92      2
-64      2      2
-6      90      2
-19      2      2
-34      75      2
-92      32      2
-94      69      2
-43      47      2
-27      95      2
-64      93      2
-66      94      2
-84      58      2
-21      66      2
-70      42      2
-92      54      2
-29      45      2
-47      72      2
-80      96      2
-97      46      2
-40      6      2
0      43      2
-81      14      2
-75      17      2
-2      92      2
-11      68      2
-75      37      2
-98      32      2
-37      66      2
-86      92      2
-4      60      2
-59      15      2
-95      85      2
-81      63      2
-68      64      2
-78      25      2
-4      15      2
-26      86      2
-40      23      2
-8      50      2
-59      20      2
-97      79      2
-18      17      2
-57      30      2
-21      51      2
-71      28      2
-22      99      2
-52      56      2
-49      76      2
-4      48      2
-87      33      2
-14      57      2
-59      10      2
-76      0      2
-16      70      2
-72      55      2
-42      86      2
-14      86      2
-29      83      2
-87      87      2
-31      59      2
-85      99      2
-19      71      2
-69      3      2
-53      96      2
-41      98      2
-48      37      2
-26      21      2
-28      94      2
-63      27      2
-47      98      2
-31      90      2
-90      30      2
-23      17      2
-29      7      2
-83      39      2
-74      33      2
-46      89      2
-31      71      2
-55      36      2
-79      46      2
-84      76      2
-74      84      2
-85      87      2
-45      49      2
0      86      2
-8      13      2
-12      27      2
-50      42      2
-85      71      2
-49      54      2
-68      60      2
-96      59      2
-73      98      2
-85      48      2
-19      67      2
-4      33      2
-29      90      2
-94      66      2
-31      11      2
-69      58      2
-99      57      2
-45      23      2
-55      75      2
-20      76      2
-75      85      2
-68      92      2
-67      24      2
-44      86      2
-90      13      2
-25      38      2
-43      3      2
-12      11      2
-96      72      2
-63      96      2
-27      65      2
-3      19      2
-43      71      2
0      49      2
-29      38      2
-97      65      2
-16      43      2
-79      47      2
-48      77      2
-48      80      2
-60      38      2
-92      61      2
-17      76      2
-88      42      2
-45      4      2
-79      69      2
-75      65      2
-53      15      2
-40      69      2
-27      1      2
-56      10      2
-85      93      2
-6      93      2
-72      15      2
-99      5      2
-46      53      2
-37      49      2
-22      20      2
-54      22      2
-46      59      2
-96      28      2
-52      16      2
-57      76      2
-99      93      2
-3      36      2
-63      35      2
-15      19      2
-21      93      2
-52      44      2
-15      76      2
-23      80      2
-9      37      2
-23      85      2
-42      41      2
-57      2      2
-98      43      2
-62      85      2
-34      92      2
-23      79      2
-83      94      2
-86      52      2
-93      77      2
-9      54      2
-67      68      2
-98      50      2
-52      54      2
-32      8      2
-1      90      2
-41      44      2
-94      87      2
-74      31      2
-37      82      2
-96      81      2
-72      82      2
-33      56      2
-36      30      2
-15      70      2
-11      33      2
-46      45      2
-20      97      2
-26      12      2
-14      33      2
-1      77      2
-83      35      2
-45      66      2
-70      69      2
-47      84      2
-81      32      2
-41      81      2
-1      47      2
-23      15      2
-61      61      2
-32      26      2
-40      62      2
-64      59      2
-77      35      2
-55      23      2
-26      59      2
-23      65      2
-39      46      2
-67      21      2
-83      51      2
-73      43      2
-86      99      2
-17      61      2
-93      55      2
-14      94      2
-16      73      2
-7      1      2
-80      58      2
-4      91      2
-44      81      2
-63      98      2
-92      90      2
-20      54      2
-29      40      2
-81      60      2
-55      82      2
-79      65      2
-95      15      2
-50      88      2
-89      25      2
-57      86      2
-82      45      2
-14      93      2
-42      81      2
-12      96      2
-66      66      2
-90      61      2
-89      59      2
-35      19      2
-36      92      2
-23      81      2
-2      5      2
-27      18      2
-5      63      2
-92      38      2
-49      33      2
-8      36      2
-31      96      2
-28      9      2
-44      17      2
-36      36      2
-9      39      2
-90      14      2
-4      68      2
-56      84      2
-17      75      2
-65      12      2
-10      59      2
-88      48      2
-33      32      2
-34      6      2
-50      10      2
-7      75      2
-20      8      2
-21      7      2
-99      57      2
-61      7      2
-90      10      2
0      36      2
-78      38      2
-93      15      2
-15      72      2
-47      43      2
-51      39      2
-95      26      2
-14      85      2
-19      80      2
-98      56      2
-9      89      2
-45      65      2
-76      51      2
-41      73      2
-15      44      2
-46      3      2
-83      40      2
-33      53      2
-86      52      2
-12      68      2
-82      87      2
-68      62      2
-4      96      2
-12      64      2
-9      45      2
-16      9      2
-61      78      2
-61      31      2
-12      11      2
-56      60      2
-99      97      2
-42      6      2
-23      44      2
-7      84      2
-87      80      2
-57      78      2
-40      9      2
-62      66      2
-21      36      2
-7      -26      3
-37      -36      3
-6      -52      3
-30      -67      3
0      -36      3
-16      -15      3
-46      -99      3
-77      -12      3
-80      -36      3
-24      -10      3
-87      -54      3
-35      -23      3
-31      -73      3
-77      -57      3
-94      -16      3
-65      -71      3
-12      -76      3
-25      -7      3
-9      -75      3
-50      -92      3
-6      -63      3
-88      -29      3
0      -36      3
-3      -15      3
-31      -75      3
-97      -8      3
-96      -9      3
-16      -77      3
-75      -24      3
-57      -19      3
-92      -44      3
-57      -15      3
-72      -54      3
-25      -67      3
-37      -48      3
-96      -70      3
-36      -13      3
-42      -41      3
-78      -3      3
-81      -62      3
-19      -8      3
-11      -76      3
-82      -67      3
-23      -68      3
-20      -51      3
-20      -49      3
-62      -24      3
-91      -65      3
-71      -29      3
-69      -73      3
-83      -27      3
-68      -88      3
-11      -30      3
-24      -57      3
-39      -59      3
-60      -79      3
-24      -77      3
-86      -1      3
-65      -32      3
-47      -62      3
-91      -79      3
-91      0      3
-87      -31      3
-23      -18      3
-35      -10      3
-24      -19      3
-57      -92      3
-64      -76      3
-5      -36      3
-31      -66      3
-92      -26      3
-20      -77      3
-4      -85      3
-7      -5      3
-12      -6      3
-71      -18      3
-94      -81      3
-69      -33      3
-71      -81      3
-86      -62      3
0      -19      3
-41      -79      3
-9      -85      3
-79      -82      3
-80      -56      3
-19      -94      3
-86      -59      3
-22      -63      3
-83      -30      3
-28      -50      3
-99      -65      3
-97      -39      3
-83      -13      3
-53      -92      3
-24      -53      3
-13      -95      3
-11      -20      3
-69      -43      3
-68      -67      3
-51      -10      3
-15      -64      3
-91      -49      3
-40      -87      3
-23      -44      3
-38      -21      3
-67      -52      3
-52      -12      3
-56      -62      3
-51      -84      3
0      -16      3
-27      -17      3
-20      -8      3
-10      -61      3
-90      -63      3
-90      -58      3
-4      -32      3
-42      -73      3
-10      -11      3
-57      -53      3
-14      -72      3
0      -7      3
-21      -38      3
-60      -81      3
-34      -37      3
-82      -41      3
-10      -33      3
-37      -4      3
-9      -91      3
-49      -60      3
-71      -36      3
-59      -49      3
-75      -25      3
-87      -28      3
-80      -7      3
-55      -72      3
-7      -23      3
-97      -62      3
-12      -14      3
-38      -96      3
-19      -47      3
-63      -74      3
-58      -69      3
-32      -12      3
-67      -79      3
-22      -66      3
-48      -54      3
-63      -84      3
-47      -79      3
0      -37      3
-23      -20      3
-11      -55      3
-38      -45      3
-19      -9      3
-77      -43      3
-8      -92      3
-76      -49      3
-2      -52      3
-13      -71      3
-74      -71      3
-4      -1      3
-86      -91      3
0      -22      3
-15      -64      3
-57      -71      3
-13      -82      3
-77      -85      3
-50      -58      3
-70      -54      3
-9      -5      3
-10      -74      3
-91      -58      3
-66      -77      3
-83      -71      3
-15      -33      3
-91      -58      3
-21      -44      3
-83      -18      3
-73      -85      3
-40      -84      3
-27      -61      3
-28      -6      3
-15      -73      3
-14      -31      3
-54      -12      3
-32      -12      3
-39      -79      3
-12      -57      3
-18      -1      3
-47      -35      3
-87      -25      3
-93      -59      3
-33      -53      3
-7      -7      3
-52      -93      3
-90      -69      3
-33      -35      3
-23      -76      3
-61      -18      3
-15      -49      3
-79      -32      3
-2      -88      3
-35      -56      3
-5      -22      3
-34      -46      3
-4      -75      3
-93      -20      3
-48      -98      3
-87      -46      3
-97      -67      3
-20      -39      3
-73      -99      3
-16      -5      3
-56      -64      3
-34      0      3
-17      -61      3
-56      0      3
-29      -99      3
-4      -88      3
-27      -60      3
-96      -34      3
-82      -53      3
-48      -1      3
-4      -40      3
-36      -50      3
-22      -84      3
-81      -19      3
-72      -1      3
-90      -43      3
-69      -74      3
-79      -8      3
-85      -85      3
-22      -11      3
-78      -87      3
-2      -75      3
-21      -82      3
-16      -93      3
-70      -60      3
-81      -75      3
-12      -63      3
-51      -28      3
-48      -87      3
-57      -89      3
-90      -5      3
-89      -5      3
-89      -85      3
-67      -36      3
-5      -23      3
-59      -36      3
-88      -34      3
-51      -32      3
-66      -88      3
-35      -15      3
-69      -97      3
-87      -86      3
-90      -90      3
-69      -52      3
-96      -55      3
-1      0      3
-90      -34      3
-94      0      3
-74      -88      3
-86      -25      3
-53      -91      3
-68      -75      3
-20      -81      3
-99      -85      3
-95      -19      3
-51      -95      3
-39      -95      3
-69      -45      3
-98      -94      3
-79      -47      3
-43      -96      3
-26      -63      3
-45      -26      3
-71      -19      3
-85      -19      3
-80      -79      3
-34      -26      3
-47      -58      3
-24      -96      3
-73      -98      3
-91      -53      3
-39      0      3
-30      -6      3
-60      -28      3
-38      0      3
-10      -28      3
-58      -87      3
-94      -52      3
-80      -56      3
-98      -15      3
-55      -22      3
-43      -59      3
-49      -28      3
0      -70      3
-65      -92      3
-89      -66      3
-92      -52      3
-57      -24      3
-90      -87      3
-5      -31      3
-89      -56      3
-38      -90      3
-50      -67      3
-96      -91      3
-44      -16      3
-33      -58      3
-62      -66      3
-19      -32      3
-2      -18      3
-77      -81      3
-93      -89      3
-47      -71      3
-49      -47      3
-41      -65      3
-79      -14      3
-99      -60      3
-66      -27      3
-71      -94      3
-17      -41      3
-95      -15      3
-97      -74      3
-51      -74      3
-46      -17      3
-79      -66      3
-79      -1      3
-97      -52      3
-37      -50      3
-70      -31      3
-14      -68      3
-97      -91      3
-78      -13      3
-19      -29      3
-12      -3      3
-36      -98      3
-89      -86      3
-9      -43      3
-95      -99      3
-4      -75      3
-33      -4      3
-61      -63      3
-61      -22      3
-51      -61      3
-42      -62      3
-88      -85      3
-3      -74      3
-18      -56      3
-96      -78      3
-11      -37      3
-36      -89      3
-60      -20      3
-77      -98      3
-18      -97      3
-80      -38      3
-35      -62      3
-3      -40      3
-92      -76      3
-74      -26      3
-34      -64      3
-47      -43      3
-92      -76      3
-63      -68      3
-90      -16      3
-96      -53      3
-60      -57      3
-77      -58      3
-65      -94      3
-38      -30      3
-13      -27      3
-11      -51      3
-46      -48      3
-82      -26      3
-71      -8      3
-78      -73      3
-5      -15      3
-42      -22      3
-90      -18      3
-84      -50      3
-44      -69      3
-10      -97      3
-2      -53      3
-60      -42      3
-91      -56      3
-57      -36      3
-89      -26      3
-58      -57      3
-1      -40      3
-12      -67      3
-48      -13      3
-23      -32      3
-75      -36      3
-71      -97      3
-54      -41      3
-21      -37      3
-72      -81      3
-46      -36      3
-32      -45      3
-91      -24      3
-69      -41      3
-81      -18      3
-83      -77      3
-93      -68      3
-8      -90      3
-20      -47      3
-6      -15      3
-41      -39      3
-35      -33      3
-94      -16      3
-35      -70      3
-76      -96      3
-63      -40      3
-91      -91      3
-51      -89      3
-80      -85      3
-17      -17      3
-23      -2      3
-29      -8      3
-50      -67      3
-86      -32      3
-39      -88      3
-15      -29      3
-92      0      3
-4      -12      3
-7      -39      3
-77      -7      3
-85      -76      3
-14      -60      3
-22      -35      3
-9      -97      3
-93      -86      3
-76      -13      3
-63      -42      3
-1      -77      3
-71      -92      3
-84      -95      3
-11      -93      3
-79      -77      3
-39      -19      3
-49      -40      3
-75      -55      3
-33      -34      3
-65      -82      3
-48      -21      3
-7      -67      3
-3      -44      3
-30      -78      3
-50      -51      3
-95      -66      3
-95      -65      3
-58      -84      3
-14      -56      3
-10      -48      3
-43      -55      3
-62      -57      3
-44      -62      3
-86      -57      3
-85      -95      3
-57      -99      3
-77      -36      3
-30      -84      3
-47      -71      3
-96      -6      3
-93      -53      3
-83      -55      3
-38      -80      3
-5      -15      3
-33      -34      3
-47      -89      3
-94      -83      3
-3      0      3
-19      -5      3
-14      -74      3
-64      -95      3
-38      -93      3
-20      -5      3
-35      -49      3
-14      -8      3
-29      -33      3
-83      -36      3
-40      -82      3
-36      -6      3
-78      -4      3
-46      -4      3
-7      -24      3
-83      -44      3
-19      -51      3
-6      -88      3
-19      -92      3
-17      -92      3
-52      -80      3
-20      -81      3
-22      -96      3
-1      -93      3
-38      -53      3
-74      -97      3
-69      -59      3
-61      -55      3
-14      -19      3
-7      -27      3
-58      -66      3
-1      -73      3
-1      -83      3
-12      -76      3
-88      -85      3
-69      -9      3
-66      -99      3
-64      0      3
-95      -2      3
-24      -18      3
-11      -56      3
-34      0      3
-73      -84      3
-94      -23      3
-69      -67      3
-71      -45      3
-76      -35      3
-97      -41      3
-76      -54      3
-88      -3      3
-95      -37      3
-45      -58      3
-89      -4      3
-47      -14      3
-83      -61      3
-13      -25      3
-54      -60      3
-76      -71      3
-79      -70      3
-99      -21      3
-92      -88      3
-89      -37      3
-79      -12      3
-97      -27      3
-15      -96      3
-23      -46      3
-59      -62      3
-68      -68      3
-61      -38      3
-68      -11      3
-82      -31      3
-95      -99      3
-23      -26      3
-97      -9      3
-67      -16      3
-90      -29      3
-69      -78      3
-9      -1      3
-89      -66      3
-40      -49      3
-18      -14      3
-75      -41      3
-63      -20      3
-64      -76      3
-9      -93      3
-34      -45      3
-20      -80      3
-54      -3      3
-78      -43      3
-88      -78      3
-15      -84      3
-95      -83      3
-7      -9      3
-33      -85      3
-96      -37      3
-13      -87      3
-60      -25      3
-45      -16      3
-74      -51      3
-68      -66      3
-30      -53      3
-4      -41      3
-63      -39      3
-90      -37      3
-70      -40      3
-51      -85      3
-71      -26      3
-22      -63      3
-24      -6      3
-91      -51      3
-5      -4      3
-61      -8      3
-51      -97      3
-48      -64      3
-26      -8      3
-24      -54      3
-88      -45      3
-91      -18      3
-22      -19      3
-68      -82      3
-89      -48      3
-82      -43      3
-74      -7      3
-26      -95      3
-46      -15      3
-4      -30      3
-4      -50      3
-14      -84      3
-13      -24      3
-93      -17      3
-62      -13      3
-59      -63      3
-95      -64      3
-17      -30      3
-62      -46      3
-13      -90      3
-19      -59      3
-34      -73      3
-98      -7      3
-82      -81      3
-72      -58      3
-87      -62      3
-84      -46      3
-42      -53      3
-84      -69      3
-87      -62      3
-49      -16      3
-41      -52      3
-37      -84      3
-87      -43      3
0      -13      3
-49      -36      3
-53      -61      3
-97      -82      3
-76      -28      3
-83      -9      3
-68      -46      3
-75      -56      3
-80      -98      3
-54      -61      3
-69      -83      3
-78      -86      3
-17      -94      3
-61      -81      3
-31      -82      3
-89      -81      3
-16      -44      3
-8      -17      3
-48      -95      3
-59      -28      3
-81      -91      3
-81      -77      3
-8      -58      3
-56      -12      3
-61      -96      3
-12      -38      3
-51      -50      3
-69      -37      3
-10      -26      3
-91      -37      3
-20      -96      3
-21      -3      3
-89      -29      3
-79      -44      3
-48      -94      3
-88      -3      3
-33      -29      3
-69      -33      3
-73      -14      3
-84      -21      3
-70      -55      3
-57      -82      3
-14      -28      3
-48      -14      3
-91      -97      3
-4      -47      3
-17      -74      3
-14      -36      3
-86      -20      3
-75      -79      3
-74      -16      3
-53      -36      3
-52      -72      3
-62      -3      3
-64      -98      3
-39      -18      3
-7      -60      3
-11      -52      3
-22      -2      3
-76      -46      3
-20      -42      3
-95      -1      3
-64      -82      3
-91      -92      3
-98      -85      3
-96      -62      3
-41      -6      3
-72      -76      3
-73      -3      3
-96      -31      3
-54      -50      3
-69      -57      3
-51      -62      3
-92      -64      3
-99      -58      3
-78      -78      3
-7      -67      3
-21      -85      3
-69      -56      3
-50      -78      3
-10      -5      3
-39      -57      3
-40      -17      3
-83      -85      3
-34      -40      3
-20      -95      3
-81      -53      3
-19      -71      3
-28      -92      3
-28      -6      3
-86      -26      3
-63      -76      3
-61      -56      3
-62      -53      3
-39      -67      3
-60      -82      3
0      -30      3
-20      -34      3
-69      -40      3
-12      -59      3
-67      -23      3
-25      -34      3
-19      -67      3
-45      -10      3
-20      -30      3
-36      -33      3
-46      -70      3
-60      -59      3
-43      -71      3
-21      -97      3
-10      -1      3
-43      -85      3
-53      -53      3
-81      -63      3
-21      -20      3
-11      -10      3
-67      -9      3
-64      -65      3
-97      -6      3
-67      -8      3
-9      -61      3
-57      -35      3
-45      -53      3
-12      -40      3
-83      -34      3
-65      -31      3
-75      -35      3
-4      -83      3
-15      0      3
-86      -64      3
-31      -59      3
-35      -79      3
-52      -19      3
-58      -29      3
-69      -90      3
-92      -32      3
-43      -65      3
-93      -14      3
-72      -56      3
-71      -45      3
-27      -98      3
-61      -15      3
-78      -12      3
-31      -71      3
-10      -12      3
-32      -79      3
-23      -79      3
-69      -28      3
-41      -45      3
-9      -91      3
-43      -53      3
-46      -86      3
-47      -26      3
-6      -12      3
-4      -58      3
-3      -41      3
-10      -57      3
-48      -91      3
-56      -94      3
-37      -13      3
-13      -32      3
-66      -54      3
-54      -66      3
-90      -72      3
-19      -69      3
-94      -31      3
-25      -9      3
-68      -6      3
-14      -62      3
-67      -38      3
-38      -92      3
-19      -43      3
-26      -34      3
-6      -50      3
-26      -60      3
-69      -91      3
-15      -71      3
-66      -41      3
-39      -84      3
-12      -25      3
-61      -40      3
-19      -6      3
-40      -96      3
-41      -59      3
-10      -72      3
-13      -67      3
-42      -14      3
-96      -42      3
-27      -93      3
-78      -44      3
-64      -8      3
-91      -16      3
-97      -73      3
-80      -88      3
-90      -12      3
-61      -53      3
-41      -71      3
-30      -33      3
-58      -39      3
-16      -3      3
-73      -73      3
-11      -69      3
-7      -23      3
-81      -35      3
-9      -39      3
-5      -63      3
-26      -52      3
-47      -88      3
-84      -86      3
-69      -99      3
-11      -34      3
-13      -40      3
-96      -78      3
-52      -42      3
-84      -1      3
-37      -40      3
-25      -43      3
-43      -56      3
-74      -34      3
-62      -58      3
-29      -22      3
-6      -92      3
-64      -63      3
-1      -75      3
-85      -40      3
-23      -88      3
-14      -95      3
-59      -99      3
-95      -10      3
-81      -33      3
-46      -49      3
-36      -91      3
-68      -81      3
-39      -80      3
-78      -58      3
-63      -7      3
-40      -75      3
-68      -60      3
-90      -35      3
-55      -53      3
-94      -44      3
-68      -46      3
-61      -26      3
-26      -29      3
-89      -84      3
-25      -10      3
-77      -14      3
-68      -50      3
-31      -93      3
-38      -4      3
-28      -72      3
-1      -65      3
-79      -26      3
-93      -62      3
-58      -32      3
-16      -41      3
-16      -90      3
-89      -45      3
-32      -51      3
-29      -33      3
-73      -95      3
-95      -73      3
-81      -48      3
-50      -15      3
-49      -22      3
-87      -65      3
-40      -67      3
-73      -65      3
-23      -36      3
-8      -52      3
-17      -14      3
-33      -39      3
-34      -60      3
-86      -67      3
-21      -49      3
-81      -79      3
-70      -10      3
0      -7      3
-64      -81      3
-29      -34      3
-79      -14      3
-22      -23      3
-38      -5      3
-12      -52      3
-26      -79      3
-33      -94      3
-97      -72      3
-71      -31      3
-91      -52      3
-42      -12      3
-60      -94      3
-76      -39      3
-86      -84      3
-82      -7      3
-68      -2      3
-17      -34      3
-24      -76      3
-87      -77      3
-91      -32      3
-70      -24      3
-57      -96      3
-82      -96      3
-96      -31      3
-9      -27      3
-22      -56      3
-98      -66      3
-51      -37      3
0      -62      3
-60      -1      3
-55      -28      3
-20      -65      3
-1      -53      3
-54      -57      3
-72      -26      3
-8      0      3
-95      -96      3
-77      -51      3
-1      -84      3
-43      -64      3
-83      -63      3
-79      -60      3
-53      -39      3
-27      -65      3
-40      -60      3
-85      -2      3
-10      -63      3
-32      -10      3
-27      -84      3
-3      -22      3
-14      -87      3
-46      -76      3
-72      -86      3
-56      -58      3
-16      -4      3
-19      -74      3
-28      -94      3
-38      -22      3
-66      -62      3
-76      -84      3
-71      -79      3
-60      -96      3
-56      -73      3
-55      -24      3
-57      -63      3
-73      -43      3
-35      -43      3
-61      -35      3
-58      -82      3
-34      -81      3
-61      -73      3
-22      -94      3
-83      -31      3
-17      -19      3
-46      -96      3
-62      -75      3
-89      -43      3
-43      -83      3
-20      -17      3
-64      -20      3
-55      -38      3
-86      -55      3
-20      0      3
-50      -95      3
-17      -41      3
-28      -85      3
-15      -37      3
-12      -28      3
-29      -52      3
-33      -71      3
-86      -78      3
-34      -30      3
-52      -65      3
-48      -39      3
-75      -23      3
-9      -83      3
-5      -42      3
-58      -26      3
-25      -57      3
-15      -38      3
-44      -2      3
91      -61      4
27      -21      4
0      -88      4
16      -51      4
93      -47      4
9      -5      4
71      -24      4
47      -91      4
96      -66      4
18      -59      4
18      -29      4
2      -25      4
61      -42      4
4      -80      4
58      -44      4
99      -14      4
24      -75      4
37      -39      4
8      -83      4
51      -84      4
54      -99      4
95      -79      4
4      -23      4
90      -18      4
54      -18      4
61      -13      4
40      -38      4
42      -11      4
10      -36      4
42      -73      4
81      -40      4
25      -80      4
9      -77      4
23      -75      4
10      -65      4
25      -65      4
13      -12      4
69      -75      4
7      -83      4
46      -47      4
26      -64      4
74      -28      4
16      -6      4
22      -11      4
22      -81      4
69      -40      4
13      -32      4
91      -40      4
90      -13      4
59      -46      4
16      -7      4
51      -58      4
20      -9      4
20      -56      4
0      -68      4
39      -95      4
40      -36      4
69      -24      4
89      -45      4
17      -5      4
40      -98      4
97      -73      4
46      -67      4
85      -88      4
98      -80      4
74      -13      4
22      -37      4
83      -28      4
14      -63      4
58      -42      4
84      -40      4
45      -87      4
19      -12      4
47      -99      4
50      -8      4
76      -6      4
76      -93      4
92      -75      4
23      -53      4
50      -87      4
25      -38      4
23      -63      4
64      -58      4
48      -85      4
63      -20      4
24      -30      4
0      -93      4
93      -68      4
4      -69      4
3      -43      4
49      -79      4
38      -10      4
43      -60      4
46      -43      4
54      -35      4
29      -90      4
1      -66      4
78      -33      4
87      -87      4
94      -91      4
97      -30      4
59      -31      4
83      -26      4
0      -27      4
47      -50      4
27      -48      4
22      -37      4
75      -85      4
79      -75      4
63      -6      4
50      -1      4
47      -46      4
14      -28      4
73      -34      4
80      -91      4
3      -74      4
61      -12      4
65      -58      4
49      -79      4
22      -7      4
81      -49      4
49      -57      4
11      -94      4
34      -31      4
48      -33      4
22      -60      4
22      -13      4
8      -81      4
46      -31      4
95      -97      4
87      -24      4
27      -92      4
17      -76      4
67      -11      4
97      -55      4
2      -18      4
68      -23      4
48      -24      4
51      -68      4
92      -68      4
63      -44      4
48      -27      4
78      -43      4
80      -43      4
58      -16      4
14      -33      4
96      -74      4
42      -35      4
81      -31      4
45      0      4
91      -20      4
7      -72      4
53      -33      4
29      -2      4
81      -32      4
94      -65      4
38      -97      4
48      -54      4
40      -11      4
18      -90      4
9      -84      4
63      -50      4
40      -23      4
67      -48      4
19      -98      4
17      -57      4
97      -29      4
95      -63      4
34      -54      4
44      -4      4
70      -5      4
14      -36      4
9      -31      4
70      -33      4
97      -64      4
69      -39      4
28      -90      4
42      -63      4
17      -10      4
17      -7      4
24      -4      4
36      -77      4
57      -10      4
87      -84      4
19      -51      4
10      -57      4
14      -75      4
20      -21      4
55      -95      4
54      -18      4
70      -62      4
86      -52      4
91      -67      4
71      -88      4
23      -63      4
22      -91      4
68      -32      4
93      -6      4
74      -69      4
41      -60      4
21      -94      4
67      -18      4
36      -24      4
19      -84      4
34      -45      4
99      -75      4
86      -85      4
2      -21      4
78      -65      4
19      -29      4
68      -18      4
59      -17      4
26      -24      4
95      -94      4
16      -69      4
74      -28      4
20      -54      4
54      -68      4
21      -79      4
30      -59      4
61      -65      4
34      -94      4
29      -22      4
18      -27      4
80      -45      4
55      -2      4
75      -65      4
36      -94      4
98      -93      4
77      -76      4
42      -44      4
33      -69      4
46      -8      4
81      -92      4
8      -5      4
56      -69      4
86      -27      4
30      -92      4
95      -61      4
16      -86      4
77      -32      4
72      -56      4
44      -88      4
88      -34      4
37      -57      4
11      -9      4
33      -76      4
70      -10      4
91      -51      4
21      -31      4
30      -10      4
23      -75      4
88      -27      4
43      0      4
19      -17      4
51      -79      4
3      -81      4
48      -96      4
10      -44      4
3      -4      4
87      -44      4
35      -83      4
81      -73      4
61      -46      4
88      -31      4
34      -44      4
91      -2      4
62      -57      4
81      -3      4
65      -69      4
19      -99      4
62      -76      4
96      -48      4
8      -78      4
9      -40      4
27      -67      4
39      -39      4
94      -75      4
96      -2      4
40      -42      4
16      -87      4
28      -29      4
71      -84      4
93      -83      4
88      -12      4
6      -1      4
60      -5      4
8      -11      4
93      -64      4
27      -5      4
26      -93      4
3      -20      4
25      -15      4
51      -14      4
46      -72      4
34      -44      4
9      -93      4
75      -83      4
71      -59      4
15      -91      4
93      -95      4
74      -95      4
12      -52      4
56      -46      4
45      -66      4
78      -25      4
67      -78      4
66      -60      4
41      -12      4
31      -1      4
90      -33      4
75      -98      4
95      -17      4
64      -6      4
35      -90      4
69      -32      4
42      -66      4
71      -89      4
32      -76      4
19      -8      4
53      -16      4
67      -25      4
66      -84      4
27      -33      4
10      -94      4
65      -73      4
46      -79      4
41      -93      4
86      -99      4
63      -93      4
2      -4      4
59      -47      4
8      -50      4
40      -4      4
7      -48      4
84      -12      4
94      -33      4
93      -2      4
53      -99      4
10      -84      4
73      -7      4
98      -54      4
90      -27      4
18      -69      4
15      -76      4
35      -22      4
4      -89      4
5      -74      4
45      -81      4
87      -56      4
63      -93      4
54      -49      4
45      -34      4
69      -67      4
87      -67      4
9      -62      4
97      -8      4
2      -17      4
54      -54      4
83      -44      4
61      -25      4
3      -5      4
27      -43      4
69      -68      4
44      -70      4
18      -75      4
78      -61      4
1      -45      4
39      -31      4
57      -60      4
0      -57      4
64      -55      4
36      -44      4
37      -46      4
1      -31      4
83      -74      4
64      -35      4
50      -13      4
29      -70      4
40      -16      4
99      -12      4
57      -69      4
57      -23      4
72      -84      4
62      -35      4
83      -75      4
72      -71      4
64      -25      4
63      -92      4
8      -20      4
62      -38      4
33      -45      4
3      -16      4
23      -45      4
19      -90      4
58      -50      4
58      -62      4
4      -54      4
4      -16      4
18      -44      4
20      -95      4
23      -95      4
86      -78      4
6      -77      4
17      -86      4
63      -56      4
88      -63      4
79      -73      4
92      -4      4
75      -37      4
26      -86      4
17      -94      4
7      -75      4
26      -8      4
69      -94      4
69      -71      4
26      -86      4
41      -69      4
10      -45      4
13      -7      4
78      -28      4
78      -45      4
78      -22      4
74      -50      4
62      -36      4
51      -41      4
52      -87      4
44      -18      4
73      -70      4
31      -3      4
55      -48      4
92      -85      4
83      -94      4
89      -89      4
7      -61      4
86      -51      4
40      -58      4
34      -94      4
23      -61      4
39      -74      4
32      -1      4
80      -91      4
32      -91      4
5      -39      4
11      -43      4
56      -23      4
89      -24      4
13      -9      4
81      -60      4
5      -75      4
47      -70      4
38      -9      4
95      -92      4
30      -67      4
52      -28      4
55      -6      4
51      -76      4
78      -41      4
23      -17      4
56      -60      4
20      -37      4
7      -19      4
16      -48      4
39      -31      4
25      -54      4
56      -11      4
23      -9      4
84      -3      4
58      -6      4
68      -56      4
66      -22      4
59      -9      4
24      -79      4
64      -20      4
38      -60      4
75      -97      4
63      -28      4
63      -11      4
8      -9      4
32      -31      4
48      -17      4
5      -87      4
86      -71      4
86      -46      4
58      -28      4
19      -19      4
16      -57      4
99      -93      4
32      -60      4
75      -20      4
31      -49      4
73      -37      4
76      -34      4
80      -28      4
89      -52      4
70      -55      4
43      -43      4
59      -16      4
34      -61      4
17      -2      4
58      -45      4
98      -90      4
45      -9      4
59      -76      4
78      -37      4
15      -89      4
27      -71      4
57      -76      4
56      -70      4
72      -73      4
12      -11      4
82      -93      4
70      -17      4
5      -20      4
46      -63      4
24      -2      4
7      -17      4
5      -67      4
15      -68      4
99      -79      4
77      -42      4
27      -91      4
91      -29      4
49      -19      4
81      -68      4
5      -57      4
65      -53      4
62      0      4
30      -69      4
87      -6      4
47      -42      4
51      -32      4
90      -53      4
15      -44      4
4      -20      4
81      -79      4
52      -40      4
50      -65      4
41      -38      4
36      -33      4
27      -2      4
23      -48      4
18      -16      4
40      -89      4
81      -83      4
41      -88      4
79      -54      4
73      -7      4
5      -71      4
11      -69      4
78      -92      4
74      -13      4
10      -84      4
97      -87      4
12      -14      4
76      -6      4
14      -48      4
73      -14      4
38      -46      4
11      -18      4
47      -34      4
90      -5      4
41      -36      4
24      -47      4
8      -21      4
74      -27      4
17      -25      4
59      -5      4
38      -69      4
55      -74      4
64      -51      4
84      -9      4
95      -19      4
55      -79      4
71      -49      4
86      -48      4
99      -91      4
81      -13      4
64      -71      4
50      -26      4
14      -61      4
71      -87      4
49      -8      4
96      -9      4
19      -89      4
1      -90      4
34      -21      4
62      -1      4
85      -21      4
58      -72      4
87      -93      4
16      -49      4
98      -18      4
43      -18      4
5      -68      4
83      -47      4
2      -82      4
14      0      4
15      -47      4
34      -44      4
75      -77      4
83      -8      4
81      -5      4
92      -40      4
51      -47      4
96      -47      4
16      -99      4
44      -74      4
89      -38      4
89      -3      4
24      -75      4
1      -34      4
23      -95      4
60      -72      4
45      -9      4
68      -8      4
48      -88      4
65      -44      4
49      -6      4
65      -24      4
39      -52      4
33      -35      4
33      -36      4
89      -15      4
67      -19      4
85      -3      4
54      -68      4
65      -46      4
52      -35      4
18      -80      4
53      -56      4
51      -46      4
52      -74      4
94      -52      4
83      -16      4
24      -90      4
43      -12      4
23      -26      4
81      -19      4
85      -62      4
7      -13      4
18      -30      4
83      -15      4
48      -58      4
48      -55      4
16      -33      4
38      -66      4
89      -15      4
92      -1      4
44      -47      4
41      -67      4
57      -7      4
11      -23      4
51      -97      4
22      -53      4
9      -58      4
88      -10      4
87      -75      4
62      -55      4
48      -77      4
74      -14      4
21      -7      4
98      -24      4
91      -13      4
64      -94      4
32      0      4
47      -3      4
0      -30      4
45      -44      4
14      -66      4
66      -92      4
26      -66      4
84      -19      4
96      -89      4
47      -26      4
27      -16      4
16      -16      4
16      -19      4
96      -88      4
23      -59      4
90      -85      4
78      -58      4
37      -72      4
13      -24      4
77      -25      4
11      -80      4
89      -16      4
55      -20      4
58      -98      4
54      -73      4
80      -68      4
2      -65      4
87      -81      4
64      -64      4
82      -32      4
48      -13      4
34      -96      4
42      -89      4
39      -47      4
61      -71      4
17      -7      4
51      -52      4
82      -55      4
69      -56      4
9      -54      4
28      -71      4
40      -68      4
83      -58      4
29      -75      4
92      -64      4
52      -94      4
10      -49      4
19      -78      4
28      -87      4
59      -31      4
6      -95      4
2      -68      4
84      -36      4
80      -60      4
20      -16      4
46      -27      4
56      -80      4
98      -67      4
76      -99      4
56      -79      4
26      -12      4
58      -44      4
7      -83      4
5      -48      4
36      -61      4
71      -61      4
0      -17      4
70      -39      4
2      -95      4
43      -32      4
77      -57      4
94      -2      4
26      -70      4
96      -49      4
16      -40      4
36      -52      4
73      -84      4
34      -6      4
70      0      4
4      -7      4
57      -96      4
9      -15      4
69      -19      4
39      -63      4
27      -88      4
82      -2      4
42      -55      4
78      -41      4
56      -56      4
34      -48      4
69      -17      4
55      -97      4
98      -1      4
74      -83      4
26      -5      4
70      -58      4
54      -4      4
66      -85      4
92      -60      4
49      -29      4
80      -60      4
99      -62      4
46      -87      4
37      -16      4
38      -33      4
89      -74      4
9      -56      4
85      -58      4
79      -57      4
24      0      4
56      -38      4
37      -33      4
82      -59      4
67      -41      4
24      -80      4
22      -80      4
68      -40      4
24      -72      4
36      -26      4
69      -88      4
12      -88      4
97      -91      4
8      -33      4
89      -48      4
94      -50      4
76      -68      4
61      -70      4
24      -78      4
63      -1      4
70      -58      4
64      -53      4
60      -44      4
0      -91      4
20      -61      4
63      -32      4
1      -8      4
50      -5      4
94      -12      4
21      -88      4
30      -59      4
25      -80      4
5      -81      4
63      -25      4
1      -54      4
7      -87      4
77      -71      4
82      -56      4
48      -79      4
75      -93      4
47      -75      4
81      -77      4
3      -88      4
32      -53      4
35      -21      4
71      -79      4
14      -46      4
77      -5      4
61      0      4
55      -68      4
29      -69      4
28      -74      4
85      -3      4
62      -50      4
15      -64      4
1      -10      4
58      -36      4
64      -87      4
31      -45      4
83      -4      4
52      -89      4
85      -63      4
11      -6      4
79      -46      4
51      -44      4
58      -38      4
54      -38      4
56      -23      4
0      -12      4
55      -13      4
98      -33      4
44      -2      4
80      -81      4
33      -2      4
49      0      4
19      -37      4
35      -99      4
79      -42      4
69      -32      4
12      -6      4
48      -51      4
64      -73      4
84      -96      4
86      -27      4
44      -24      4
14      -67      4
99      -68      4
35      -94      4
6      -91      4
20      -10      4
88      -60      4
93      -57      4
51      -29      4
63      -31      4
61      -61      4
79      -6      4
71      -88      4
27      -9      4
44      -30      4
32      -37      4
54      -20      4
32      -11      4
31      -79      4
68      -6      4
53      -87      4
14      -11      4
92      -78      4
25      -5      4
85      -77      4
62      -93      4
34      -8      4
38      -55      4
20      -75      4
4      -60      4
42      -29      4
22      -13      4
4      -76      4
12      -73      4
74      -97      4
53      -59      4
58      -70      4
36      -63      4
60      -56      4
20      -35      4
54      -26      4
63      -72      4
73      -34      4
3      -24      4
66      -70      4
54      -75      4
42      -3      4
66      -88      4
67      -86      4
90      -70      4
80      -70      4
30      -69      4
92      -87      4
58      -46      4
22      -42      4
37      -64      4
28      -35      4
22      -47      4
59      -16      4
19      -80      4
92      -40      4
11      -26      4
65      -24      4
72      -5      4
82      -43      4
92      -62      4
17      0      4
28      -59      4
30      -95      4
64      -88      4
54      -34      4
5      -59      4
23      -38      4
46      -62      4
46      -18      4
73      -63      4
56      -9      4
71      0      4
13      -99      4
14      -40      4
4      -88      4
87      -5      4
94      -56      4
10      -45      4
17      -39      4
36      -69      4
84      -16      4
79      -16      4
41      -40      4
81      -54      4
63      -7      4
67      -5      4
95      -73      4
80      -67      4
28      -50      4
29      -41      4
70      -54      4
35      -28      4
80      -46      4
11      -51      4
91      -45      4
50      0      4
82      -82      4
5      -19      4
87      -38      4
28      -46      4
38      -96      4
31      -45      4
87      -60      4
42      -2      4
36      -30      4
33      -18      4
94      -98      4
5      -26      4
27      -88      4
99      -11      4
13      -7      4
37      -85      4
70      -84      4
68      -74      4
50      -67      4
13      -32      4
99      -22      4
72      -55      4
59      -69      4
87      -81      4
11      -90      4
57      -1      4
66      -71      4
86      -13      4
81      -47      4
53      -70      4
39      -50      4
16      -45      4
94      -23      4
68      -72      4
18      -44      4
49      -1      4
26      -25      4
29      -79      4
44      -96      4
49      -7      4
